# Original Filename:   bc03_ssp_z_0.02_chab.model
# zf:                  3.0
# SFH:                 SSP
# Metallicity (z):     0.02
# IMF:                 Chabrier
# Cosmology:           Om=0.2720 Ol=0.7280 h=0.7040 w=-1.0000
# Magnitude System:    AB
AB# Normalization        M(sloan_i) = -22.055 <type 'type'> mags @ z = 0.1
#
# Column Descriptions:
# 1 redshift
# 2 sloan_r rest-frame absolute magnitude
# 3 sloan_r observed-frame absolute magnitude
# 4 sloan_r apparent mangnitude
# 5 sloan_z rest-frame absolute magnitude
# 6 sloan_z observed-frame absolute magnitude
# 7 sloan_z apparent mangnitude
 0.005 -21.5575 -21.5624  10.0872 -22.2551 -22.2389   9.4107
 0.010 -21.5638 -21.5550  11.6084 -22.2609 -22.2516  10.9118
 0.015 -21.5700 -21.5480  12.5043 -22.2667 -22.2579  11.7944
 0.020 -21.5761 -21.5569  13.1286 -22.2723 -22.2599  12.4255
 0.025 -21.5823 -21.5500  13.6283 -22.2780 -22.2501  12.9283
 0.030 -21.5885 -21.5497  14.0329 -22.2836 -22.2633  13.3193
 0.035 -21.5945 -21.5615  14.3641 -22.2891 -22.2696  13.6559
 0.040 -21.6006 -21.5604  14.6634 -22.2945 -22.2686  13.9551
 0.045 -21.6067 -21.5524  14.9352 -22.3001 -22.2660  14.2216
 0.050 -21.6127 -21.5593  15.1652 -22.3056 -22.2798  14.4447
 0.055 -21.6187 -21.5541  15.3854 -22.3111 -22.2840  14.6555
 0.060 -21.6246 -21.5475  15.5888 -22.3165 -22.2676  14.8687
 0.065 -21.6306 -21.5579  15.7602 -22.3219 -22.2881  15.0299
 0.070 -21.6365 -21.5479  15.9390 -22.3272 -22.2856  15.2013
 0.075 -21.6424 -21.5587  16.0858 -22.3325 -22.2910  15.3534
 0.080 -21.6481 -21.5515  16.2409 -22.3377 -22.2931  15.4993
 0.085 -21.6541 -21.5582  16.3735 -22.3430 -22.2913  15.6404
 0.090 -21.6600 -21.5485  16.5150 -22.3483 -22.3019  15.7615
 0.095 -21.6659 -21.5377  16.6508 -22.3535 -22.3036  15.8849
 0.100 -21.6717 -21.5407  16.7667 -22.3586 -22.3062  16.0012
 0.125 -21.7003 -21.5336  17.2952 -22.3839 -22.3259  16.5029
 0.150 -21.7285 -21.5335  17.7269 -22.4087 -22.3310  16.9294
 0.175 -21.7561 -21.5071  18.1225 -22.4328 -22.3356  17.2940
 0.200 -21.7831 -21.5038  18.4492 -22.4562 -22.3448  17.6081
 0.225 -21.8098 -21.4695  18.7715 -22.4790 -22.3451  17.8959
 0.250 -21.8357 -21.4657  19.0353 -22.5012 -22.3504  18.1506
 0.275 -21.8612 -21.4670  19.2712 -22.5229 -22.3623  18.3759
 0.300 -21.8861 -21.4415  19.5150 -22.5439 -22.3786  18.5779
 0.325 -21.9105 -21.4102  19.7484 -22.5645 -22.3773  18.7814
 0.350 -21.9344 -21.3958  19.9513 -22.5847 -22.3894  18.9576
 0.375 -21.9577 -21.3607  20.1629 -22.6042 -22.4003  19.1233
 0.400 -21.9805 -21.3044  20.3852 -22.6232 -22.4093  19.2802
 0.425 -22.0026 -21.2330  20.6133 -22.6418 -22.4194  19.4269
 0.450 -22.0244 -21.1935  20.8013 -22.6600 -22.4305  19.5643
 0.475 -22.0456 -21.0792  21.0566 -22.6776 -22.4377  19.6981
 0.500 -22.0662 -20.9977  21.2724 -22.6948 -22.4400  19.8302
 0.525 -22.0902 -20.9537  21.4448 -22.7165 -22.4413  19.9571
 0.550 -22.1166 -20.8678  21.6533 -22.7416 -22.4527  20.0684
 0.575 -22.1436 -20.8153  21.8234 -22.7677 -22.4553  20.1834
 0.600 -22.1669 -20.7824  21.9693 -22.7885 -22.4525  20.2991
 0.625 -22.1894 -20.6919  22.1683 -22.8085 -22.4400  20.4202
 0.650 -22.2111 -20.6440  22.3207 -22.8278 -22.4499  20.5148
 0.675 -22.2325 -20.5333  22.5322 -22.8467 -22.4366  20.6290
 0.700 -22.2532 -20.4977  22.6652 -22.8649 -22.4542  20.7087
 0.725 -22.2739 -20.5101  22.7469 -22.8829 -22.4612  20.7958
 0.750 -22.2941 -20.4870  22.8610 -22.9004 -22.4622  20.8858
 0.775 -22.3139 -20.4317  23.0045 -22.9174 -22.4522  20.9839
 0.800 -22.3416 -20.4881  23.0336 -22.9452 -22.4529  21.0687
 0.825 -22.3742 -20.4431  23.1615 -22.9797 -22.4718  21.1328
 0.850 -22.4036 -20.4260  23.2592 -23.0088 -22.4731  21.2121
 0.875 -22.4305 -20.3810  23.3825 -23.0340 -22.4745  21.2890
 0.900 -22.4564 -20.3804  23.4592 -23.0580 -22.4690  21.3706
 0.925 -22.4813 -20.3502  23.5635 -23.0808 -22.4416  21.4722
 0.950 -22.5054 -20.3000  23.6859 -23.1028 -22.4354  21.5505
 0.975 -22.5298 -20.2760  23.7802 -23.1244 -22.4191  21.6372
 1.000 -22.5531 -20.2287  23.8962 -23.1450 -22.3947  21.7302
 1.025 -22.5889 -20.1626  24.0292 -23.1846 -22.3746  21.8171
 1.050 -22.6252 -20.1081  24.1490 -23.2256 -22.3815  21.8756
 1.075 -22.6588 -20.0487  24.2722 -23.2616 -22.3776  21.9433
 1.100 -22.6891 -19.9956  24.3876 -23.2893 -22.3338  22.0494
 1.125 -22.7177 -19.9477  24.4965 -23.3157 -22.2986  22.1456
 1.150 -22.7413 -19.8851  24.6187 -23.3366 -22.2634  22.2404
 1.175 -22.7608 -19.8117  24.7504 -23.3533 -22.2297  22.3325
 1.200 -22.7795 -19.7395  24.8798 -23.3693 -22.1850  22.4342
 1.225 -22.8012 -19.6726  25.0026 -23.3837 -22.1472  22.5280
 1.250 -22.8242 -19.6304  25.0995 -23.3971 -22.1362  22.5937
 1.275 -22.8462 -19.5714  25.2123 -23.4100 -22.1349  22.6488
 1.300 -22.8668 -19.4909  25.3455 -23.4240 -22.1086  22.7277
 1.325 -22.8858 -19.3947  25.4933 -23.4394 -22.0836  22.8044
 1.350 -22.9047 -19.2975  25.6411 -23.4550 -22.0636  22.8750
 1.375 -22.9239 -19.2314  25.7569 -23.4714 -22.0390  22.9494
 1.400 -22.9508 -19.2118  25.8254 -23.4944 -22.0444  22.9928
 1.425 -22.9865 -19.2188  25.8663 -23.5258 -22.0402  23.0449
 1.450 -23.0273 -19.2405  25.8916 -23.5624 -22.0389  23.0933
 1.475 -23.0655 -19.2369  25.9415 -23.5979 -22.0599  23.1186
 1.500 -23.0995 -19.2212  26.0027 -23.6267 -22.0572  23.1667
 1.525 -23.1299 -19.1949  26.0737 -23.6498 -22.0670  23.2016
 1.550 -23.1593 -19.1606  26.1519 -23.6709 -22.0596  23.2529
 1.575 -23.1876 -19.1542  26.2015 -23.6910 -22.0620  23.2938
 1.600 -23.2158 -19.1883  26.2100 -23.7102 -22.0772  23.3212
 1.625 -23.2431 -19.2356  26.2046 -23.7285 -22.0884  23.3518
 1.650 -23.2698 -19.2942  26.1872 -23.7458 -22.0830  23.3984
 1.675 -23.2985 -19.3658  26.1562 -23.7666 -22.0889  23.4330
 1.700 -23.3274 -19.4251  26.1368 -23.7887 -22.0972  23.4647
 1.725 -23.3590 -19.4710  26.1303 -23.8123 -22.1057  23.4955
 1.750 -23.3904 -19.5058  26.1342 -23.8358 -22.1199  23.5201
 1.775 -23.4217 -19.5654  26.1128 -23.8575 -22.1227  23.5556
 1.800 -23.4516 -19.6356  26.0803 -23.8784 -22.1417  23.5741
 1.825 -23.4800 -19.7063  26.0467 -23.8985 -22.1494  23.6036
 1.850 -23.5149 -19.7786  26.0110 -23.9336 -22.1479  23.6416
 1.875 -23.5621 -19.8631  25.9625 -23.9959 -22.1641  23.6615
 1.900 -23.6065 -19.9285  25.9327 -24.0536 -22.1707  23.6906
 1.925 -23.6484 -19.9807  25.9156 -24.1073 -22.1668  23.7295
 1.950 -23.7289 -20.0463  25.8846 -24.1815 -22.1742  23.7567
 1.975 -23.8091 -20.1020  25.8631 -24.2535 -22.1800  23.7851
 2.000 -23.8824 -20.1470  25.8518 -24.3198 -22.1746  23.8242
 2.100 -23.8845 -20.3897  25.7397 -24.2150 -22.1772  23.9523
 2.200 -23.9771 -20.7714  25.4824 -24.2807 -22.2678  23.9860
 2.300 -24.1109 -21.2287  25.1437 -24.3855 -22.4021  23.9703
 2.400 -24.2624 -21.8068  24.6789 -24.5034 -22.6744  23.8113
 2.500 -24.4103 -22.4194  24.1747 -24.5975 -23.0531  23.5411
 2.600 -24.6065 -23.1027  23.5955 -24.7539 -23.5597  23.1384
 2.700 -24.8583 -23.9656  22.8324 -24.9809 -24.2759  22.5221
 2.800 -25.0867 -24.8756  22.0185 -25.1651 -25.1001  21.7940
